2
0 0
# points
0	0
0.0100000000000000	0
0.0200000000000000	0
0.0300000000000000	0
0.0400000000000000	0
0.0500000000000000	0
0.0600000000000000	0
0.0700000000000000	0
0.0800000000000000	0
0.0900000000000000	0
0.100000000000000	0
0.110000000000000	0
0.120000000000000	0
0.130000000000000	0
0.140000000000000	0
0.150000000000000	0
0.160000000000000	0
0.170000000000000	0
0.180000000000000	0
0.190000000000000	0
0.200000000000000	0
0.210000000000000	0
0.220000000000000	0
0.230000000000000	0
0.240000000000000	0
0.250000000000000	0
0.260000000000000	-0.00788529868552224
0.270000000000000	-0.0314168388713689
0.280000000000000	-0.0702235141117487
0.290000000000000	-0.123693319956136
0.300000000000000	-0.190983005625053
0.310000000000000	-0.271031372578588
0.320000000000000	-0.362576010251310
0.330000000000000	-0.464173205021003
0.340000000000000	-0.574220708434928
0.350000000000000	-0.690983005625053
0.360000000000000	-0.812618685414275
0.370000000000000	-0.937209480470687
0.380000000000000	-1.06279051952931
0.390000000000000	-1.18738131458572
0.400000000000000	-1.30901699437495
0.410000000000000	-1.42577929156507
0.420000000000000	-1.53582679497900
0.430000000000000	-1.63742398974869
0.440000000000000	-1.72896862742141
0.450000000000000	-1.80901699437495
0.460000000000000	-1.87630668004386
0.470000000000000	-1.92977648588825
0.480000000000000	-1.96858316112863
0.490000000000000	-1.99211470131448
0.500000000000000	-2
0.510000000000000	-1.99211470131448
0.520000000000000	-1.96858316112863
0.530000000000000	-1.92977648588825
0.540000000000000	-1.87630668004386
0.550000000000000	-1.80901699437495
0.560000000000000	-1.72896862742141
0.570000000000000	-1.63742398974869
0.580000000000000	-1.53582679497900
0.590000000000000	-1.42577929156507
0.600000000000000	-1.30901699437495
0.610000000000000	-1.18738131458572
0.620000000000000	-1.06279051952931
0.630000000000000	-0.937209480470687
0.640000000000000	-0.812618685414276
0.650000000000000	-0.690983005625054
0.660000000000000	-0.574220708434928
0.670000000000000	-0.464173205021004
0.680000000000000	-0.362576010251311
0.690000000000000	-0.271031372578589
0.700000000000000	-0.190983005625053
0.710000000000000	-0.123693319956137
0.720000000000000	-0.0702235141117489
0.730000000000000	-0.0314168388713690
0.740000000000000	-0.00788529868552224
0.750000000000000	0
0.760000000000000	0
0.770000000000000	0
0.780000000000000	0
0.790000000000000	0
0.800000000000000	0
0.810000000000000	0
0.820000000000000	0
0.830000000000000	0
0.840000000000000	0
0.850000000000000	0
0.860000000000000	0
0.870000000000000	0
0.880000000000000	0
0.890000000000000	0
0.900000000000000	0
0.910000000000000	0
0.920000000000000	0
0.930000000000000	0
0.940000000000000	0
0.950000000000000	0
0.960000000000000	0
0.970000000000000	0
0.980000000000000	0
0.990000000000000	0
1	0