-0.899095788683381 -103.78040083964405 83.7309433137614
-1.3573519664389448 -103.77541889731702 83.7309433137614
-1.8155816776540303 -103.76841347368757 83.7309433137614
-2.273775987464652 -103.75938470535206 83.7309433137614
-2.7319259616971054 -103.74833276835933 83.7309433137614
-3.1900226670421685 -103.73525787820734 83.7309433137614
-3.6480571712292917 -103.72016028983883 83.7309433137614
-4.106020543200766 -103.70304029763656 83.7309433137614
-4.563903853285862 -103.68389823541735 83.7309433137614
-5.021698173374952 -103.66273447642571 83.7309433137614
-5.479394577093595 -103.63954943332654 83.7309433137614
