2
0 0
# points
0	0.000470000000000000
0.00107000000000000	0.00616000000000000
0.00428000000000000	0.0125400000000000
0.00961000000000000	0.0194300000000000
0.0170400000000000	0.0265200000000000
0.0265300000000000	0.0335200000000000
0.0380600000000000	0.0402700000000000
0.0515600000000000	0.0467700000000000
0.0669900000000000	0.0531300000000000
0.0842700000000000	0.0593900000000000
0.103320000000000	0.0655200000000000
0.124080000000000	0.0713400000000000
0.146450000000000	0.0766000000000000
0.170330000000000	0.0811300000000000
0.195620000000000	0.0848300000000000
0.222210000000000	0.0877400000000000
0.250000000000000	0.0899600000000000
0.278860000000000	0.0915800000000000
0.308660000000000	0.0926600000000000
0.339280000000000	0.0931800000000000
0.370590000000000	0.0931200000000000
0.434740000000000	0.0912800000000000
0.500000000000000	0.0871900000000000
0.565260000000000	0.0810500000000000
0.629410000000000	0.0731900000000000
0.691340000000000	0.0640500000000000
0.750000000000000	0.0541200000000000
0.804380000000000	0.0439400000000000
0.853550000000000	0.0340000000000000
0.896680000000000	0.0247500000000000
0.933010000000000	0.0165600000000000
0.961940000000000	0.00972000000000000
0.982960000000000	0.00448000000000000
0.995720000000000	0.00115000000000000
1	0
