-0.899095788683406 -103.780400839644 83.7309433137614
-0.6103976922038095 -103.65501215916802 83.39033787537487
-0.3222842431545373 -103.5287558960894 83.04955792718282
-0.034759656818574736 -103.40163382552493 82.7086025520623
0.25217185165614053 -103.27364773199488 82.36747083920419
0.5385060673209595 -103.14479940948081 82.02616188422736
0.8242387754926467 -103.01509066148367 81.68467478929318
1.1093657618214152 -102.88452330108254 81.34300866321998
1.3938828123608875 -102.75309915099368 81.00116262159764
1.6777857136399978 -102.62082004362988 80.65913578690237
1.9610702527368664 -102.48768782116035 80.31692728861142
2.243732217354655 -102.35370433557085 79.97453626331797
2.525767395899422 -102.2188714487241 79.63196185484604
2.8071715775600055 -102.08319103242061 79.28920321436543
3.0879405523899406 -101.9466649684597 78.94625950050673
3.368070111391432 -101.80929514870077 78.6031298794763
3.6475560466014065 -101.67108347512486 78.25981352517131
3.926394151179648 -101.53203185989638 77.91630961929474
4.204580219499047 -101.39214222542498 77.57261735147033
4.482110047237973 -101.25141650442765 77.22873591935756
4.758979431474772 -101.10985663999094 76.88466452876656
5.035184170784441 -100.9674645856332 76.5404023937729
5.310719003474707 -100.82424209467763 76.19594797609233
5.585570243799267 -100.68018942732304 75.85129366417667
5.859727488986544 -100.5353078025861 75.50643414388476
6.133181643565735 -100.38959875434324 75.16136506875536
6.405923603655523 -100.24306384722586 74.81608212508041
6.677944257426512 -100.09570467706713 74.47058103267545
6.949234485583013 -99.94752287134924 74.12485754565171
7.219785161864393 -99.79852008965065 73.77890745318997
7.48958715356623 -99.64869802409326 73.43272658031599
7.758631322081451 -99.49805839978906 73.08631078867704
8.026908523461689 -99.34660297528605 72.73965597731969
8.29438280448177 -99.19432902341649 72.39273942264542
8.561014077734315 -99.0412336963665 72.04553553195083
8.826897558253997 -98.88733737031349 71.69811234502528
9.091499994949926 -98.73256015040222 71.3501031758973
9.357139451544835 -98.57727846272736 71.00311203830785
9.628259594003522 -98.42223731453815 70.66028621041494
9.911037146797417 -98.26858388679801 70.32641608453272
10.216378670513565 -98.11872693321708 70.0113414865219
10.554784170055514 -97.97639811291134 69.72844734277662
10.932599684251837 -97.84656310608148 69.49373392120914
11.345516646293174 -97.73292369358549 69.31692872942882
11.783516515903461 -97.6369554228934 69.19988963123932
12.23542226668717 -97.55680334161308 69.13479910679052
12.693168602606617 -97.48803333377009 69.10759323356532
13.152534796645323 -97.42471021424424 69.10120891638189
13.612038835268912 -97.36203189869448 69.10242506234803
14.071673072311917 -97.30410307738747 69.12209710267756
14.528833564751695 -97.26042286027301 69.18427133930668
14.970223457347341 -97.24575405933695 69.3223504294418
15.357446658483747 -97.27966922197962 69.57124522730534
15.638760619840538 -97.36934175128557 69.9260234645823
15.816719163054444 -97.49549506036493 70.33454417551305
15.940746270619075 -97.63611075411254 70.75857891655087
16.042134572098036 -97.7819891130405 71.1869581452468
16.13997771960448 -97.92861271661766 71.61592018833885
16.241085854650972 -98.07445573026756 72.04439078233769
16.345556905402503 -98.21947945649659 72.47233227998599
16.453475058268904 -98.3636478816226 72.89970699244451
16.564806286292793 -98.50695121181904 73.32649677436254
16.679558148156296 -98.64936924042819 73.75267644147137
16.797740177959998 -98.79088114454949 74.17822005975854
16.919360983849703 -98.93146618250206 74.60310145280478
17.04443081694657 -99.07110317700797 75.02729362692801
17.172974319669944 -99.20976720669367 75.45076593122651
17.304991882053514 -99.34743701957144 75.87349317195134
17.440479029901955 -99.48409215121927 76.29545115292781
17.57943210451929 -99.61971184955297 76.7166153316379
17.721848246183377 -99.75427505938443 77.13696078999854
17.86772537769256 -99.88776040702162 77.55646220500682
18.017062187931426 -100.0201461849013 77.97509381920885
18.16985811540003 -100.15141033624732 78.39282941095146
18.32611333164885 -100.28153043974928 78.80964226437774
18.48582872455897 -100.41048369425822 79.22550513912952
18.64900171858178 -100.53824793490261 79.64039157074752
18.815613818958838 -100.66480400538755 80.05428026384529
18.98564809055091 -100.79013161181071 80.46714975975698
19.159087174077094 -100.9142106568868 80.87897880229663
19.33591283698012 -101.03702139187006 81.28974649387652
19.516105990826258 -101.15854442955676 81.69943231242047
19.69964670980095 -101.27876075670349 82.10801612762974
19.886514250248617 -101.39765174583691 82.5154782165664
20.07668707120192 -101.51519916643356 82.92179927852146
20.270142855843137 -101.63138519545015 83.32696044913783
20.46685853383795 -101.74619242718761 83.7309433137614
